{
 "cells": [
  {
   "cell_type": "markdown",
   "metadata": {},
   "source": [
    "# Load in Dataset and Tools"
   ]
  },
  {
   "cell_type": "code",
   "execution_count": 70,
   "metadata": {},
   "outputs": [],
   "source": [
    "import pandas as pd\n",
    "import numpy as np\n",
    "import matplotlib.pyplot as plt\n",
    "import seaborn as sns\n",
    "import statsmodels.api as sm\n",
    "from statsmodels.formula.api import ols"
   ]
  },
  {
   "cell_type": "code",
   "execution_count": 71,
   "metadata": {},
   "outputs": [
    {
     "name": "stdout",
     "output_type": "stream",
     "text": [
      " Volume in drive C has no label.\n",
      " Volume Serial Number is 1AF1-3980\n",
      "\n",
      " Directory of C:\\Users\\mulli\\Data-Science-Local-Copy\\M01_project\\Untitled Folder\n",
      "\n",
      "06/15/2019  03:23 PM    <DIR>          .\n",
      "06/15/2019  03:23 PM    <DIR>          ..\n",
      "06/15/2019  02:07 PM    <DIR>          .ipynb_checkpoints\n",
      "06/15/2019  02:46 AM            62,716 Data Cleaning.ipynb\n",
      "06/15/2019  12:01 AM         3,707,090 df_truncated.pkl\n",
      "06/15/2019  03:23 PM            78,286 EDA.ipynb\n",
      "06/14/2019  06:12 PM         2,475,934 kc_house_data.csv\n",
      "06/14/2019  07:20 PM         2,515,206 kc_house_data_orig.csv\n",
      "               5 File(s)      8,839,232 bytes\n",
      "               3 Dir(s)  79,518,388,224 bytes free\n"
     ]
    }
   ],
   "source": [
    "ls"
   ]
  },
  {
   "cell_type": "code",
   "execution_count": 78,
   "metadata": {},
   "outputs": [
    {
     "data": {
      "text/html": [
       "<div>\n",
       "<style scoped>\n",
       "    .dataframe tbody tr th:only-of-type {\n",
       "        vertical-align: middle;\n",
       "    }\n",
       "\n",
       "    .dataframe tbody tr th {\n",
       "        vertical-align: top;\n",
       "    }\n",
       "\n",
       "    .dataframe thead th {\n",
       "        text-align: right;\n",
       "    }\n",
       "</style>\n",
       "<table border=\"1\" class=\"dataframe\">\n",
       "  <thead>\n",
       "    <tr style=\"text-align: right;\">\n",
       "      <th></th>\n",
       "      <th>id</th>\n",
       "      <th>date</th>\n",
       "      <th>price</th>\n",
       "      <th>bedrooms</th>\n",
       "      <th>bathrooms</th>\n",
       "      <th>sqft_living</th>\n",
       "      <th>sqft_lot</th>\n",
       "      <th>floors</th>\n",
       "      <th>waterfront</th>\n",
       "      <th>view</th>\n",
       "      <th>...</th>\n",
       "      <th>grade</th>\n",
       "      <th>sqft_above</th>\n",
       "      <th>sqft_basement</th>\n",
       "      <th>yr_built</th>\n",
       "      <th>yr_renovated</th>\n",
       "      <th>zipcode</th>\n",
       "      <th>lat</th>\n",
       "      <th>long</th>\n",
       "      <th>sqft_living15</th>\n",
       "      <th>sqft_lot15</th>\n",
       "    </tr>\n",
       "  </thead>\n",
       "  <tbody>\n",
       "    <tr>\n",
       "      <th>0</th>\n",
       "      <td>7129300520</td>\n",
       "      <td>2014-10-13</td>\n",
       "      <td>221900.0</td>\n",
       "      <td>3</td>\n",
       "      <td>1.00</td>\n",
       "      <td>1180</td>\n",
       "      <td>5650</td>\n",
       "      <td>1.0</td>\n",
       "      <td>0.0</td>\n",
       "      <td>0.0</td>\n",
       "      <td>...</td>\n",
       "      <td>7</td>\n",
       "      <td>1180</td>\n",
       "      <td>0.0</td>\n",
       "      <td>1955</td>\n",
       "      <td>0.0</td>\n",
       "      <td>98178</td>\n",
       "      <td>47.5112</td>\n",
       "      <td>-122.257</td>\n",
       "      <td>1340</td>\n",
       "      <td>5650</td>\n",
       "    </tr>\n",
       "    <tr>\n",
       "      <th>1</th>\n",
       "      <td>6414100192</td>\n",
       "      <td>2014-12-09</td>\n",
       "      <td>538000.0</td>\n",
       "      <td>3</td>\n",
       "      <td>2.25</td>\n",
       "      <td>2570</td>\n",
       "      <td>7242</td>\n",
       "      <td>2.0</td>\n",
       "      <td>0.0</td>\n",
       "      <td>0.0</td>\n",
       "      <td>...</td>\n",
       "      <td>7</td>\n",
       "      <td>2170</td>\n",
       "      <td>400.0</td>\n",
       "      <td>1951</td>\n",
       "      <td>1991.0</td>\n",
       "      <td>98125</td>\n",
       "      <td>47.7210</td>\n",
       "      <td>-122.319</td>\n",
       "      <td>1690</td>\n",
       "      <td>7639</td>\n",
       "    </tr>\n",
       "    <tr>\n",
       "      <th>2</th>\n",
       "      <td>5631500400</td>\n",
       "      <td>2015-02-25</td>\n",
       "      <td>180000.0</td>\n",
       "      <td>2</td>\n",
       "      <td>1.00</td>\n",
       "      <td>770</td>\n",
       "      <td>10000</td>\n",
       "      <td>1.0</td>\n",
       "      <td>0.0</td>\n",
       "      <td>0.0</td>\n",
       "      <td>...</td>\n",
       "      <td>6</td>\n",
       "      <td>770</td>\n",
       "      <td>0.0</td>\n",
       "      <td>1933</td>\n",
       "      <td>0.0</td>\n",
       "      <td>98028</td>\n",
       "      <td>47.7379</td>\n",
       "      <td>-122.233</td>\n",
       "      <td>2720</td>\n",
       "      <td>8062</td>\n",
       "    </tr>\n",
       "    <tr>\n",
       "      <th>3</th>\n",
       "      <td>2487200875</td>\n",
       "      <td>2014-12-09</td>\n",
       "      <td>604000.0</td>\n",
       "      <td>4</td>\n",
       "      <td>3.00</td>\n",
       "      <td>1960</td>\n",
       "      <td>5000</td>\n",
       "      <td>1.0</td>\n",
       "      <td>0.0</td>\n",
       "      <td>0.0</td>\n",
       "      <td>...</td>\n",
       "      <td>7</td>\n",
       "      <td>1050</td>\n",
       "      <td>910.0</td>\n",
       "      <td>1965</td>\n",
       "      <td>0.0</td>\n",
       "      <td>98136</td>\n",
       "      <td>47.5208</td>\n",
       "      <td>-122.393</td>\n",
       "      <td>1360</td>\n",
       "      <td>5000</td>\n",
       "    </tr>\n",
       "    <tr>\n",
       "      <th>4</th>\n",
       "      <td>1954400510</td>\n",
       "      <td>2015-02-18</td>\n",
       "      <td>510000.0</td>\n",
       "      <td>3</td>\n",
       "      <td>2.00</td>\n",
       "      <td>1680</td>\n",
       "      <td>8080</td>\n",
       "      <td>1.0</td>\n",
       "      <td>0.0</td>\n",
       "      <td>0.0</td>\n",
       "      <td>...</td>\n",
       "      <td>8</td>\n",
       "      <td>1680</td>\n",
       "      <td>0.0</td>\n",
       "      <td>1987</td>\n",
       "      <td>0.0</td>\n",
       "      <td>98074</td>\n",
       "      <td>47.6168</td>\n",
       "      <td>-122.045</td>\n",
       "      <td>1800</td>\n",
       "      <td>7503</td>\n",
       "    </tr>\n",
       "  </tbody>\n",
       "</table>\n",
       "<p>5 rows × 21 columns</p>\n",
       "</div>"
      ],
      "text/plain": [
       "           id       date     price  bedrooms  bathrooms  sqft_living  \\\n",
       "0  7129300520 2014-10-13  221900.0         3       1.00         1180   \n",
       "1  6414100192 2014-12-09  538000.0         3       2.25         2570   \n",
       "2  5631500400 2015-02-25  180000.0         2       1.00          770   \n",
       "3  2487200875 2014-12-09  604000.0         4       3.00         1960   \n",
       "4  1954400510 2015-02-18  510000.0         3       2.00         1680   \n",
       "\n",
       "   sqft_lot  floors  waterfront  view     ...      grade  sqft_above  \\\n",
       "0      5650     1.0         0.0   0.0     ...          7        1180   \n",
       "1      7242     2.0         0.0   0.0     ...          7        2170   \n",
       "2     10000     1.0         0.0   0.0     ...          6         770   \n",
       "3      5000     1.0         0.0   0.0     ...          7        1050   \n",
       "4      8080     1.0         0.0   0.0     ...          8        1680   \n",
       "\n",
       "   sqft_basement  yr_built  yr_renovated  zipcode      lat     long  \\\n",
       "0            0.0      1955           0.0    98178  47.5112 -122.257   \n",
       "1          400.0      1951        1991.0    98125  47.7210 -122.319   \n",
       "2            0.0      1933           0.0    98028  47.7379 -122.233   \n",
       "3          910.0      1965           0.0    98136  47.5208 -122.393   \n",
       "4            0.0      1987           0.0    98074  47.6168 -122.045   \n",
       "\n",
       "   sqft_living15  sqft_lot15  \n",
       "0           1340        5650  \n",
       "1           1690        7639  \n",
       "2           2720        8062  \n",
       "3           1360        5000  \n",
       "4           1800        7503  \n",
       "\n",
       "[5 rows x 21 columns]"
      ]
     },
     "execution_count": 78,
     "metadata": {},
     "output_type": "execute_result"
    }
   ],
   "source": [
    "df = pd.read_pickle('df_truncated.pkl')\n",
    "df.head()"
   ]
  },
  {
   "cell_type": "markdown",
   "metadata": {},
   "source": [
    "# Pare down the data again"
   ]
  },
  {
   "cell_type": "markdown",
   "metadata": {},
   "source": [
    "Let's see what tends to work with Price as it currently is by looking at some scater plots."
   ]
  },
  {
   "cell_type": "code",
   "execution_count": 79,
   "metadata": {},
   "outputs": [
    {
     "data": {
      "text/html": [
       "<div>\n",
       "<style scoped>\n",
       "    .dataframe tbody tr th:only-of-type {\n",
       "        vertical-align: middle;\n",
       "    }\n",
       "\n",
       "    .dataframe tbody tr th {\n",
       "        vertical-align: top;\n",
       "    }\n",
       "\n",
       "    .dataframe thead th {\n",
       "        text-align: right;\n",
       "    }\n",
       "</style>\n",
       "<table border=\"1\" class=\"dataframe\">\n",
       "  <thead>\n",
       "    <tr style=\"text-align: right;\">\n",
       "      <th></th>\n",
       "      <th>id</th>\n",
       "      <th>price</th>\n",
       "      <th>bedrooms</th>\n",
       "      <th>bathrooms</th>\n",
       "      <th>sqft_living</th>\n",
       "      <th>sqft_lot</th>\n",
       "      <th>floors</th>\n",
       "      <th>waterfront</th>\n",
       "      <th>view</th>\n",
       "      <th>condition</th>\n",
       "      <th>grade</th>\n",
       "      <th>sqft_above</th>\n",
       "      <th>sqft_basement</th>\n",
       "      <th>yr_built</th>\n",
       "      <th>yr_renovated</th>\n",
       "      <th>zipcode</th>\n",
       "      <th>lat</th>\n",
       "      <th>long</th>\n",
       "      <th>sqft_living15</th>\n",
       "      <th>sqft_lot15</th>\n",
       "    </tr>\n",
       "  </thead>\n",
       "  <tbody>\n",
       "    <tr>\n",
       "      <th>id</th>\n",
       "      <td>1.000000</td>\n",
       "      <td>-0.018183</td>\n",
       "      <td>0.003041</td>\n",
       "      <td>0.003900</td>\n",
       "      <td>-0.013662</td>\n",
       "      <td>-0.132794</td>\n",
       "      <td>0.019030</td>\n",
       "      <td>-0.003792</td>\n",
       "      <td>0.011086</td>\n",
       "      <td>-0.022093</td>\n",
       "      <td>0.006857</td>\n",
       "      <td>-0.012341</td>\n",
       "      <td>-0.005470</td>\n",
       "      <td>0.021251</td>\n",
       "      <td>-0.010933</td>\n",
       "      <td>-0.007295</td>\n",
       "      <td>-0.004350</td>\n",
       "      <td>0.021011</td>\n",
       "      <td>-0.004051</td>\n",
       "      <td>-0.138706</td>\n",
       "    </tr>\n",
       "    <tr>\n",
       "      <th>price</th>\n",
       "      <td>-0.018183</td>\n",
       "      <td>1.000000</td>\n",
       "      <td>0.310197</td>\n",
       "      <td>0.526757</td>\n",
       "      <td>0.702790</td>\n",
       "      <td>0.088384</td>\n",
       "      <td>0.255378</td>\n",
       "      <td>0.266549</td>\n",
       "      <td>0.393069</td>\n",
       "      <td>0.036172</td>\n",
       "      <td>0.667369</td>\n",
       "      <td>0.605928</td>\n",
       "      <td>0.322578</td>\n",
       "      <td>0.053578</td>\n",
       "      <td>0.118673</td>\n",
       "      <td>-0.052655</td>\n",
       "      <td>0.305339</td>\n",
       "      <td>0.021363</td>\n",
       "      <td>0.584449</td>\n",
       "      <td>0.082992</td>\n",
       "    </tr>\n",
       "    <tr>\n",
       "      <th>bedrooms</th>\n",
       "      <td>0.003041</td>\n",
       "      <td>0.310197</td>\n",
       "      <td>1.000000</td>\n",
       "      <td>0.515292</td>\n",
       "      <td>0.579209</td>\n",
       "      <td>0.033277</td>\n",
       "      <td>0.178470</td>\n",
       "      <td>-0.002238</td>\n",
       "      <td>0.078697</td>\n",
       "      <td>0.024718</td>\n",
       "      <td>0.358695</td>\n",
       "      <td>0.480913</td>\n",
       "      <td>0.298377</td>\n",
       "      <td>0.155592</td>\n",
       "      <td>0.017884</td>\n",
       "      <td>-0.153605</td>\n",
       "      <td>-0.011213</td>\n",
       "      <td>0.131210</td>\n",
       "      <td>0.393725</td>\n",
       "      <td>0.031209</td>\n",
       "    </tr>\n",
       "    <tr>\n",
       "      <th>bathrooms</th>\n",
       "      <td>0.003900</td>\n",
       "      <td>0.526757</td>\n",
       "      <td>0.515292</td>\n",
       "      <td>1.000000</td>\n",
       "      <td>0.755893</td>\n",
       "      <td>0.089415</td>\n",
       "      <td>0.503405</td>\n",
       "      <td>0.064271</td>\n",
       "      <td>0.186356</td>\n",
       "      <td>-0.127350</td>\n",
       "      <td>0.666684</td>\n",
       "      <td>0.687643</td>\n",
       "      <td>0.279170</td>\n",
       "      <td>0.507556</td>\n",
       "      <td>0.048092</td>\n",
       "      <td>-0.204253</td>\n",
       "      <td>0.023447</td>\n",
       "      <td>0.224609</td>\n",
       "      <td>0.569712</td>\n",
       "      <td>0.088926</td>\n",
       "    </tr>\n",
       "    <tr>\n",
       "      <th>sqft_living</th>\n",
       "      <td>-0.013662</td>\n",
       "      <td>0.702790</td>\n",
       "      <td>0.579209</td>\n",
       "      <td>0.755893</td>\n",
       "      <td>1.000000</td>\n",
       "      <td>0.175048</td>\n",
       "      <td>0.353515</td>\n",
       "      <td>0.105542</td>\n",
       "      <td>0.281639</td>\n",
       "      <td>-0.060849</td>\n",
       "      <td>0.763598</td>\n",
       "      <td>0.877094</td>\n",
       "      <td>0.430710</td>\n",
       "      <td>0.318392</td>\n",
       "      <td>0.051496</td>\n",
       "      <td>-0.200248</td>\n",
       "      <td>0.051286</td>\n",
       "      <td>0.241386</td>\n",
       "      <td>0.756825</td>\n",
       "      <td>0.185463</td>\n",
       "    </tr>\n",
       "    <tr>\n",
       "      <th>sqft_lot</th>\n",
       "      <td>-0.132794</td>\n",
       "      <td>0.088384</td>\n",
       "      <td>0.033277</td>\n",
       "      <td>0.089415</td>\n",
       "      <td>0.175048</td>\n",
       "      <td>1.000000</td>\n",
       "      <td>-0.006461</td>\n",
       "      <td>0.021831</td>\n",
       "      <td>0.072508</td>\n",
       "      <td>-0.008690</td>\n",
       "      <td>0.114243</td>\n",
       "      <td>0.184971</td>\n",
       "      <td>0.016874</td>\n",
       "      <td>0.052732</td>\n",
       "      <td>0.005127</td>\n",
       "      <td>-0.130296</td>\n",
       "      <td>-0.086335</td>\n",
       "      <td>0.231066</td>\n",
       "      <td>0.145821</td>\n",
       "      <td>0.722416</td>\n",
       "    </tr>\n",
       "    <tr>\n",
       "      <th>floors</th>\n",
       "      <td>0.019030</td>\n",
       "      <td>0.255378</td>\n",
       "      <td>0.178470</td>\n",
       "      <td>0.503405</td>\n",
       "      <td>0.353515</td>\n",
       "      <td>-0.006461</td>\n",
       "      <td>1.000000</td>\n",
       "      <td>0.020827</td>\n",
       "      <td>0.027113</td>\n",
       "      <td>-0.264980</td>\n",
       "      <td>0.458077</td>\n",
       "      <td>0.523214</td>\n",
       "      <td>-0.242274</td>\n",
       "      <td>0.489723</td>\n",
       "      <td>0.003511</td>\n",
       "      <td>-0.058612</td>\n",
       "      <td>0.048510</td>\n",
       "      <td>0.125942</td>\n",
       "      <td>0.278872</td>\n",
       "      <td>-0.009957</td>\n",
       "    </tr>\n",
       "    <tr>\n",
       "      <th>waterfront</th>\n",
       "      <td>-0.003792</td>\n",
       "      <td>0.266549</td>\n",
       "      <td>-0.002238</td>\n",
       "      <td>0.064271</td>\n",
       "      <td>0.105542</td>\n",
       "      <td>0.021831</td>\n",
       "      <td>0.020827</td>\n",
       "      <td>1.000000</td>\n",
       "      <td>0.386162</td>\n",
       "      <td>0.016854</td>\n",
       "      <td>0.083664</td>\n",
       "      <td>0.072314</td>\n",
       "      <td>0.083683</td>\n",
       "      <td>-0.024953</td>\n",
       "      <td>0.073715</td>\n",
       "      <td>0.029433</td>\n",
       "      <td>-0.012347</td>\n",
       "      <td>-0.038160</td>\n",
       "      <td>0.084777</td>\n",
       "      <td>0.030782</td>\n",
       "    </tr>\n",
       "    <tr>\n",
       "      <th>view</th>\n",
       "      <td>0.011086</td>\n",
       "      <td>0.393069</td>\n",
       "      <td>0.078697</td>\n",
       "      <td>0.186356</td>\n",
       "      <td>0.281639</td>\n",
       "      <td>0.072508</td>\n",
       "      <td>0.027113</td>\n",
       "      <td>0.386162</td>\n",
       "      <td>1.000000</td>\n",
       "      <td>0.045265</td>\n",
       "      <td>0.248821</td>\n",
       "      <td>0.165867</td>\n",
       "      <td>0.271289</td>\n",
       "      <td>-0.055311</td>\n",
       "      <td>0.092124</td>\n",
       "      <td>0.086199</td>\n",
       "      <td>0.006707</td>\n",
       "      <td>-0.078357</td>\n",
       "      <td>0.278246</td>\n",
       "      <td>0.071907</td>\n",
       "    </tr>\n",
       "    <tr>\n",
       "      <th>condition</th>\n",
       "      <td>-0.022093</td>\n",
       "      <td>0.036172</td>\n",
       "      <td>0.024718</td>\n",
       "      <td>-0.127350</td>\n",
       "      <td>-0.060849</td>\n",
       "      <td>-0.008690</td>\n",
       "      <td>-0.264980</td>\n",
       "      <td>0.016854</td>\n",
       "      <td>0.045265</td>\n",
       "      <td>1.000000</td>\n",
       "      <td>-0.147427</td>\n",
       "      <td>-0.159672</td>\n",
       "      <td>0.168836</td>\n",
       "      <td>-0.362460</td>\n",
       "      <td>-0.056253</td>\n",
       "      <td>0.003710</td>\n",
       "      <td>-0.015512</td>\n",
       "      <td>-0.106781</td>\n",
       "      <td>-0.092819</td>\n",
       "      <td>-0.003816</td>\n",
       "    </tr>\n",
       "    <tr>\n",
       "      <th>grade</th>\n",
       "      <td>0.006857</td>\n",
       "      <td>0.667369</td>\n",
       "      <td>0.358695</td>\n",
       "      <td>0.666684</td>\n",
       "      <td>0.763598</td>\n",
       "      <td>0.114243</td>\n",
       "      <td>0.458077</td>\n",
       "      <td>0.083664</td>\n",
       "      <td>0.248821</td>\n",
       "      <td>-0.147427</td>\n",
       "      <td>1.000000</td>\n",
       "      <td>0.756526</td>\n",
       "      <td>0.167547</td>\n",
       "      <td>0.447483</td>\n",
       "      <td>0.015604</td>\n",
       "      <td>-0.184965</td>\n",
       "      <td>0.112283</td>\n",
       "      <td>0.199558</td>\n",
       "      <td>0.713609</td>\n",
       "      <td>0.121331</td>\n",
       "    </tr>\n",
       "    <tr>\n",
       "      <th>sqft_above</th>\n",
       "      <td>-0.012341</td>\n",
       "      <td>0.605928</td>\n",
       "      <td>0.480913</td>\n",
       "      <td>0.687643</td>\n",
       "      <td>0.877094</td>\n",
       "      <td>0.184971</td>\n",
       "      <td>0.523214</td>\n",
       "      <td>0.072314</td>\n",
       "      <td>0.165867</td>\n",
       "      <td>-0.159672</td>\n",
       "      <td>0.756526</td>\n",
       "      <td>1.000000</td>\n",
       "      <td>-0.049681</td>\n",
       "      <td>0.423772</td>\n",
       "      <td>0.020508</td>\n",
       "      <td>-0.261596</td>\n",
       "      <td>-0.001530</td>\n",
       "      <td>0.344556</td>\n",
       "      <td>0.732014</td>\n",
       "      <td>0.195826</td>\n",
       "    </tr>\n",
       "    <tr>\n",
       "      <th>sqft_basement</th>\n",
       "      <td>-0.005470</td>\n",
       "      <td>0.322578</td>\n",
       "      <td>0.298377</td>\n",
       "      <td>0.279170</td>\n",
       "      <td>0.430710</td>\n",
       "      <td>0.016874</td>\n",
       "      <td>-0.242274</td>\n",
       "      <td>0.083683</td>\n",
       "      <td>0.271289</td>\n",
       "      <td>0.168836</td>\n",
       "      <td>0.167547</td>\n",
       "      <td>-0.049681</td>\n",
       "      <td>1.000000</td>\n",
       "      <td>-0.130163</td>\n",
       "      <td>0.065543</td>\n",
       "      <td>0.073135</td>\n",
       "      <td>0.109106</td>\n",
       "      <td>-0.142755</td>\n",
       "      <td>0.200356</td>\n",
       "      <td>0.017075</td>\n",
       "    </tr>\n",
       "    <tr>\n",
       "      <th>yr_built</th>\n",
       "      <td>0.021251</td>\n",
       "      <td>0.053578</td>\n",
       "      <td>0.155592</td>\n",
       "      <td>0.507556</td>\n",
       "      <td>0.318392</td>\n",
       "      <td>0.052732</td>\n",
       "      <td>0.489723</td>\n",
       "      <td>-0.024953</td>\n",
       "      <td>-0.055311</td>\n",
       "      <td>-0.362460</td>\n",
       "      <td>0.447483</td>\n",
       "      <td>0.423772</td>\n",
       "      <td>-0.130163</td>\n",
       "      <td>1.000000</td>\n",
       "      <td>-0.205179</td>\n",
       "      <td>-0.346249</td>\n",
       "      <td>-0.148939</td>\n",
       "      <td>0.409386</td>\n",
       "      <td>0.325072</td>\n",
       "      <td>0.070547</td>\n",
       "    </tr>\n",
       "    <tr>\n",
       "      <th>yr_renovated</th>\n",
       "      <td>-0.010933</td>\n",
       "      <td>0.118673</td>\n",
       "      <td>0.017884</td>\n",
       "      <td>0.048092</td>\n",
       "      <td>0.051496</td>\n",
       "      <td>0.005127</td>\n",
       "      <td>0.003511</td>\n",
       "      <td>0.073715</td>\n",
       "      <td>0.092124</td>\n",
       "      <td>-0.056253</td>\n",
       "      <td>0.015604</td>\n",
       "      <td>0.020508</td>\n",
       "      <td>0.065543</td>\n",
       "      <td>-0.205179</td>\n",
       "      <td>1.000000</td>\n",
       "      <td>0.062980</td>\n",
       "      <td>0.028351</td>\n",
       "      <td>-0.065314</td>\n",
       "      <td>0.000616</td>\n",
       "      <td>0.004172</td>\n",
       "    </tr>\n",
       "    <tr>\n",
       "      <th>zipcode</th>\n",
       "      <td>-0.007295</td>\n",
       "      <td>-0.052655</td>\n",
       "      <td>-0.153605</td>\n",
       "      <td>-0.204253</td>\n",
       "      <td>-0.200248</td>\n",
       "      <td>-0.130296</td>\n",
       "      <td>-0.058612</td>\n",
       "      <td>0.029433</td>\n",
       "      <td>0.086199</td>\n",
       "      <td>0.003710</td>\n",
       "      <td>-0.184965</td>\n",
       "      <td>-0.261596</td>\n",
       "      <td>0.073135</td>\n",
       "      <td>-0.346249</td>\n",
       "      <td>0.062980</td>\n",
       "      <td>1.000000</td>\n",
       "      <td>0.268699</td>\n",
       "      <td>-0.563439</td>\n",
       "      <td>-0.278760</td>\n",
       "      <td>-0.147668</td>\n",
       "    </tr>\n",
       "    <tr>\n",
       "      <th>lat</th>\n",
       "      <td>-0.004350</td>\n",
       "      <td>0.305339</td>\n",
       "      <td>-0.011213</td>\n",
       "      <td>0.023447</td>\n",
       "      <td>0.051286</td>\n",
       "      <td>-0.086335</td>\n",
       "      <td>0.048510</td>\n",
       "      <td>-0.012347</td>\n",
       "      <td>0.006707</td>\n",
       "      <td>-0.015512</td>\n",
       "      <td>0.112283</td>\n",
       "      <td>-0.001530</td>\n",
       "      <td>0.109106</td>\n",
       "      <td>-0.148939</td>\n",
       "      <td>0.028351</td>\n",
       "      <td>0.268699</td>\n",
       "      <td>1.000000</td>\n",
       "      <td>-0.135923</td>\n",
       "      <td>0.047606</td>\n",
       "      <td>-0.085705</td>\n",
       "    </tr>\n",
       "    <tr>\n",
       "      <th>long</th>\n",
       "      <td>0.021011</td>\n",
       "      <td>0.021363</td>\n",
       "      <td>0.131210</td>\n",
       "      <td>0.224609</td>\n",
       "      <td>0.241386</td>\n",
       "      <td>0.231066</td>\n",
       "      <td>0.125942</td>\n",
       "      <td>-0.038160</td>\n",
       "      <td>-0.078357</td>\n",
       "      <td>-0.106781</td>\n",
       "      <td>0.199558</td>\n",
       "      <td>0.344556</td>\n",
       "      <td>-0.142755</td>\n",
       "      <td>0.409386</td>\n",
       "      <td>-0.065314</td>\n",
       "      <td>-0.563439</td>\n",
       "      <td>-0.135923</td>\n",
       "      <td>1.000000</td>\n",
       "      <td>0.334931</td>\n",
       "      <td>0.256560</td>\n",
       "    </tr>\n",
       "    <tr>\n",
       "      <th>sqft_living15</th>\n",
       "      <td>-0.004051</td>\n",
       "      <td>0.584449</td>\n",
       "      <td>0.393725</td>\n",
       "      <td>0.569712</td>\n",
       "      <td>0.756825</td>\n",
       "      <td>0.145821</td>\n",
       "      <td>0.278872</td>\n",
       "      <td>0.084777</td>\n",
       "      <td>0.278246</td>\n",
       "      <td>-0.092819</td>\n",
       "      <td>0.713609</td>\n",
       "      <td>0.732014</td>\n",
       "      <td>0.200356</td>\n",
       "      <td>0.325072</td>\n",
       "      <td>0.000616</td>\n",
       "      <td>-0.278760</td>\n",
       "      <td>0.047606</td>\n",
       "      <td>0.334931</td>\n",
       "      <td>1.000000</td>\n",
       "      <td>0.184418</td>\n",
       "    </tr>\n",
       "    <tr>\n",
       "      <th>sqft_lot15</th>\n",
       "      <td>-0.138706</td>\n",
       "      <td>0.082992</td>\n",
       "      <td>0.031209</td>\n",
       "      <td>0.088926</td>\n",
       "      <td>0.185463</td>\n",
       "      <td>0.722416</td>\n",
       "      <td>-0.009957</td>\n",
       "      <td>0.030782</td>\n",
       "      <td>0.071907</td>\n",
       "      <td>-0.003816</td>\n",
       "      <td>0.121331</td>\n",
       "      <td>0.195826</td>\n",
       "      <td>0.017075</td>\n",
       "      <td>0.070547</td>\n",
       "      <td>0.004172</td>\n",
       "      <td>-0.147668</td>\n",
       "      <td>-0.085705</td>\n",
       "      <td>0.256560</td>\n",
       "      <td>0.184418</td>\n",
       "      <td>1.000000</td>\n",
       "    </tr>\n",
       "  </tbody>\n",
       "</table>\n",
       "</div>"
      ],
      "text/plain": [
       "                     id     price  bedrooms  bathrooms  sqft_living  sqft_lot  \\\n",
       "id             1.000000 -0.018183  0.003041   0.003900    -0.013662 -0.132794   \n",
       "price         -0.018183  1.000000  0.310197   0.526757     0.702790  0.088384   \n",
       "bedrooms       0.003041  0.310197  1.000000   0.515292     0.579209  0.033277   \n",
       "bathrooms      0.003900  0.526757  0.515292   1.000000     0.755893  0.089415   \n",
       "sqft_living   -0.013662  0.702790  0.579209   0.755893     1.000000  0.175048   \n",
       "sqft_lot      -0.132794  0.088384  0.033277   0.089415     0.175048  1.000000   \n",
       "floors         0.019030  0.255378  0.178470   0.503405     0.353515 -0.006461   \n",
       "waterfront    -0.003792  0.266549 -0.002238   0.064271     0.105542  0.021831   \n",
       "view           0.011086  0.393069  0.078697   0.186356     0.281639  0.072508   \n",
       "condition     -0.022093  0.036172  0.024718  -0.127350    -0.060849 -0.008690   \n",
       "grade          0.006857  0.667369  0.358695   0.666684     0.763598  0.114243   \n",
       "sqft_above    -0.012341  0.605928  0.480913   0.687643     0.877094  0.184971   \n",
       "sqft_basement -0.005470  0.322578  0.298377   0.279170     0.430710  0.016874   \n",
       "yr_built       0.021251  0.053578  0.155592   0.507556     0.318392  0.052732   \n",
       "yr_renovated  -0.010933  0.118673  0.017884   0.048092     0.051496  0.005127   \n",
       "zipcode       -0.007295 -0.052655 -0.153605  -0.204253    -0.200248 -0.130296   \n",
       "lat           -0.004350  0.305339 -0.011213   0.023447     0.051286 -0.086335   \n",
       "long           0.021011  0.021363  0.131210   0.224609     0.241386  0.231066   \n",
       "sqft_living15 -0.004051  0.584449  0.393725   0.569712     0.756825  0.145821   \n",
       "sqft_lot15    -0.138706  0.082992  0.031209   0.088926     0.185463  0.722416   \n",
       "\n",
       "                 floors  waterfront      view  condition     grade  \\\n",
       "id             0.019030   -0.003792  0.011086  -0.022093  0.006857   \n",
       "price          0.255378    0.266549  0.393069   0.036172  0.667369   \n",
       "bedrooms       0.178470   -0.002238  0.078697   0.024718  0.358695   \n",
       "bathrooms      0.503405    0.064271  0.186356  -0.127350  0.666684   \n",
       "sqft_living    0.353515    0.105542  0.281639  -0.060849  0.763598   \n",
       "sqft_lot      -0.006461    0.021831  0.072508  -0.008690  0.114243   \n",
       "floors         1.000000    0.020827  0.027113  -0.264980  0.458077   \n",
       "waterfront     0.020827    1.000000  0.386162   0.016854  0.083664   \n",
       "view           0.027113    0.386162  1.000000   0.045265  0.248821   \n",
       "condition     -0.264980    0.016854  0.045265   1.000000 -0.147427   \n",
       "grade          0.458077    0.083664  0.248821  -0.147427  1.000000   \n",
       "sqft_above     0.523214    0.072314  0.165867  -0.159672  0.756526   \n",
       "sqft_basement -0.242274    0.083683  0.271289   0.168836  0.167547   \n",
       "yr_built       0.489723   -0.024953 -0.055311  -0.362460  0.447483   \n",
       "yr_renovated   0.003511    0.073715  0.092124  -0.056253  0.015604   \n",
       "zipcode       -0.058612    0.029433  0.086199   0.003710 -0.184965   \n",
       "lat            0.048510   -0.012347  0.006707  -0.015512  0.112283   \n",
       "long           0.125942   -0.038160 -0.078357  -0.106781  0.199558   \n",
       "sqft_living15  0.278872    0.084777  0.278246  -0.092819  0.713609   \n",
       "sqft_lot15    -0.009957    0.030782  0.071907  -0.003816  0.121331   \n",
       "\n",
       "               sqft_above  sqft_basement  yr_built  yr_renovated   zipcode  \\\n",
       "id              -0.012341      -0.005470  0.021251     -0.010933 -0.007295   \n",
       "price            0.605928       0.322578  0.053578      0.118673 -0.052655   \n",
       "bedrooms         0.480913       0.298377  0.155592      0.017884 -0.153605   \n",
       "bathrooms        0.687643       0.279170  0.507556      0.048092 -0.204253   \n",
       "sqft_living      0.877094       0.430710  0.318392      0.051496 -0.200248   \n",
       "sqft_lot         0.184971       0.016874  0.052732      0.005127 -0.130296   \n",
       "floors           0.523214      -0.242274  0.489723      0.003511 -0.058612   \n",
       "waterfront       0.072314       0.083683 -0.024953      0.073715  0.029433   \n",
       "view             0.165867       0.271289 -0.055311      0.092124  0.086199   \n",
       "condition       -0.159672       0.168836 -0.362460     -0.056253  0.003710   \n",
       "grade            0.756526       0.167547  0.447483      0.015604 -0.184965   \n",
       "sqft_above       1.000000      -0.049681  0.423772      0.020508 -0.261596   \n",
       "sqft_basement   -0.049681       1.000000 -0.130163      0.065543  0.073135   \n",
       "yr_built         0.423772      -0.130163  1.000000     -0.205179 -0.346249   \n",
       "yr_renovated     0.020508       0.065543 -0.205179      1.000000  0.062980   \n",
       "zipcode         -0.261596       0.073135 -0.346249      0.062980  1.000000   \n",
       "lat             -0.001530       0.109106 -0.148939      0.028351  0.268699   \n",
       "long             0.344556      -0.142755  0.409386     -0.065314 -0.563439   \n",
       "sqft_living15    0.732014       0.200356  0.325072      0.000616 -0.278760   \n",
       "sqft_lot15       0.195826       0.017075  0.070547      0.004172 -0.147668   \n",
       "\n",
       "                    lat      long  sqft_living15  sqft_lot15  \n",
       "id            -0.004350  0.021011      -0.004051   -0.138706  \n",
       "price          0.305339  0.021363       0.584449    0.082992  \n",
       "bedrooms      -0.011213  0.131210       0.393725    0.031209  \n",
       "bathrooms      0.023447  0.224609       0.569712    0.088926  \n",
       "sqft_living    0.051286  0.241386       0.756825    0.185463  \n",
       "sqft_lot      -0.086335  0.231066       0.145821    0.722416  \n",
       "floors         0.048510  0.125942       0.278872   -0.009957  \n",
       "waterfront    -0.012347 -0.038160       0.084777    0.030782  \n",
       "view           0.006707 -0.078357       0.278246    0.071907  \n",
       "condition     -0.015512 -0.106781      -0.092819   -0.003816  \n",
       "grade          0.112283  0.199558       0.713609    0.121331  \n",
       "sqft_above    -0.001530  0.344556       0.732014    0.195826  \n",
       "sqft_basement  0.109106 -0.142755       0.200356    0.017075  \n",
       "yr_built      -0.148939  0.409386       0.325072    0.070547  \n",
       "yr_renovated   0.028351 -0.065314       0.000616    0.004172  \n",
       "zipcode        0.268699 -0.563439      -0.278760   -0.147668  \n",
       "lat            1.000000 -0.135923       0.047606   -0.085705  \n",
       "long          -0.135923  1.000000       0.334931    0.256560  \n",
       "sqft_living15  0.047606  0.334931       1.000000    0.184418  \n",
       "sqft_lot15    -0.085705  0.256560       0.184418    1.000000  "
      ]
     },
     "execution_count": 79,
     "metadata": {},
     "output_type": "execute_result"
    }
   ],
   "source": [
    "df.corr()"
   ]
  },
  {
   "cell_type": "code",
   "execution_count": 80,
   "metadata": {},
   "outputs": [
    {
     "data": {
      "text/plain": [
       "count    2.105400e+04\n",
       "mean     5.409961e+05\n",
       "std      3.687586e+05\n",
       "min      7.800000e+04\n",
       "25%      3.225000e+05\n",
       "50%      4.500000e+05\n",
       "75%      6.450000e+05\n",
       "max      7.700000e+06\n",
       "Name: price, dtype: float64"
      ]
     },
     "execution_count": 80,
     "metadata": {},
     "output_type": "execute_result"
    }
   ],
   "source": [
    "df['price'].describe()"
   ]
  },
  {
   "cell_type": "code",
   "execution_count": 81,
   "metadata": {},
   "outputs": [
    {
     "data": {
      "text/plain": [
       "count    21054.000000\n",
       "mean        54.099605\n",
       "std         36.875858\n",
       "min          7.800000\n",
       "25%         32.250000\n",
       "50%         45.000000\n",
       "75%         64.500000\n",
       "max        770.000000\n",
       "Name: price, dtype: float64"
      ]
     },
     "execution_count": 81,
     "metadata": {},
     "output_type": "execute_result"
    }
   ],
   "source": [
    "df['price']=df['price']/10000\n",
    "df['price'].describe()"
   ]
  },
  {
   "cell_type": "code",
   "execution_count": 82,
   "metadata": {},
   "outputs": [
    {
     "data": {
      "text/plain": [
       "<matplotlib.axes._subplots.AxesSubplot at 0x2111c5b7748>"
      ]
     },
     "execution_count": 82,
     "metadata": {},
     "output_type": "execute_result"
    },
    {
     "data": {
